Stock | Mean |Sample Variance | Population Variance | Sample St.dev | Population St.dev
Stock 1: 19.287 0.68458 0.68184 0.82739 0.82573
Stock 2: 7.530 0.00645 0.00642 0.08028 0.08012
Stock 3: 18.755 0.05958 0.05935 0.24410 0.24361
Stock 4: 0.504 0.00137 0.00136 0.03698 0.03691
Stock 5: 2.403 0.00100 0.00099 0.03156 0.03149
Stock 6: 8.857 0.26407 0.26301 0.51387 0.51284
Stock 7: 16.399 0.36529 0.36382 0.60439 0.60318
Stock 8: 20.488 0.78628 0.78314 0.88673 0.88495
Stock 9: 17.826 0.87116 0.86768 0.93336 0.93149
Stock 10: 2.979 0.09729 0.09690 0.31191 0.31128
Stock 11: 33.275 0.08206 0.08173 0.28647 0.28589
Stock 12: 1.068 0.00032 0.00032 0.01784 0.01780
Stock 13: 7.586 0.03616 0.03601 0.19015 0.18977
Stock 14: 17.120 3.83669 3.82134 1.95875 1.95483
Stock 15: 29.449 1.06168 1.05744 1.03038 1.02832
Stock 16: 26.957 1.64431 1.63773 1.28231 1.27974
Stock 17: 31.219 0.30280 0.30159 0.55027 0.54917
Stock 18: 23.921 0.58199 0.57967 0.76289 0.76136
Stock 19: 5.272 0.05072 0.05051 0.22520 0.22475
Stock 20: 40.776 0.73143 0.72851 0.85524 0.85353
Stock 21: 14.908 0.37762 0.37611 0.61451 0.61328
Stock 22: 1.828 0.00036 0.00036 0.01901 0.01897
Stock 23: 6.044 0.56075 0.55851 0.74883 0.74733
Stock 24: 10.489 0.15698 0.15635 0.39621 0.39541
Stock 25: 5.862 0.03075 0.03062 0.17535 0.17500
Stock 26: 48.264 4.60705 4.58862 2.14640 2.14211
Stock 27: 14.351 0.09566 0.09528 0.30930 0.30868
Stock 28: 16.622 0.00766 0.00763 0.08754 0.08737
Stock 29: 12.027 0.18302 0.18229 0.42781 0.42695
Stock 30: 26.036 0.35098 0.34957 0.59243 0.59125
Stock 31: 26.405 0.25770 0.25667 0.50764 0.50663
Stock 32: 19.480 0.91272 0.90907 0.95537 0.95345
Stock 33: 15.997 1.56676 1.56049 1.25170 1.24920
Stock 34: 6.218 0.06092 0.06068 0.24683 0.24633
Stock 35: 30.701 2.89437 2.88279 1.70128 1.69788
Stock 36: 8.428 0.01657 0.01650 0.12873 0.12847
Stock 37: 17.180 0.15609 0.15547 0.39508 0.39429
Stock 38: 12.228 0.56711 0.56484 0.75306 0.75156
Stock 39: 23.740 0.11086 0.11042 0.33296 0.33230
Stock 40: 22.487 0.47994 0.47802 0.69278 0.69139
Stock 41: 8.080 0.04211 0.04195 0.20522 0.20481
Stock 42: 54.730 49.76039 49.56135 7.05410 7.03998
Stock 43: 20.190 1.11179 1.10734 1.05441 1.05230
Stock 44: 79.984 8.92432 8.88862 2.98736 2.98138
Stock 45: 36.677 1.06681 1.06254 1.03287 1.03080
Stock 46: 59.051 0.48291 0.48098 0.69492 0.69353
Stock 47: 67.500 6.06593 6.04166 2.46291 2.45798
Stock 48: 28.268 1.48225 1.47632 1.21748 1.21504
Stock 49: 36.634 2.28723 2.27808 1.51236 1.50933
Stock 50: 45.866 2.91912 2.90744 1.70854 1.70512
Stock 51: 15.251 1.62365 1.61715 1.27422 1.27167
Stock 52: 9.783 0.80312 0.79991 0.89617 0.89438
Stock 53: 18.121 1.90860 1.90096 1.38152 1.37875
Stock 54: 13.105 0.36408 0.36262 0.60339 0.60218
Stock 55: 18.710 0.24811 0.24712 0.49810 0.49711
Stock 56: 9.249 0.11314 0.11269 0.33636 0.33569
Stock 57: 15.962 0.17212 0.17143 0.41487 0.41404
Stock 58: 16.775 0.37116 0.36968 0.60923 0.60801
Stock 59: 23.974 0.70133 0.69852 0.83745 0.83578
Stock 60: 0.504 0.00142 0.00141 0.03766 0.03759
Stock 61: 16.692 2.21709 2.20823 1.48899 1.48601
Stock 62: 21.962 0.31094 0.30970 0.55762 0.55650
Stock 63: 11.368 0.78312 0.77999 0.88494 0.88317
Stock 64: 17.334 0.88576 0.88222 0.94115 0.93927
Stock 65: 19.605 2.08135 2.07302 1.44269 1.43980
Stock 66: 21.382 1.07492 1.07062 1.03678 1.03471
Stock 67: 14.928 0.13546 0.13491 0.36804 0.36731
Stock 68: 16.169 0.43238 0.43065 0.65755 0.65624
Stock 69: 9.977 0.09770 0.09731 0.31257 0.31194
Stock 70: 26.850 0.79650 0.79331 0.89247 0.89068
Stock 71: 16.275 1.55123 1.54502 1.24548 1.24299
Stock 72: 30.153 1.35262 1.34721 1.16302 1.16070
Stock 73: 28.840 1.79426 1.78708 1.33950 1.33682
Stock 74: 24.657 0.34467 0.34329 0.58708 0.58591
Stock 75: 9.476 0.22997 0.22905 0.47955 0.47859
Stock 76: 13.040 0.39129 0.38973 0.62553 0.62428
Stock 77: 20.168 2.19984 2.19104 1.48319 1.48022
Stock 78: 18.282 0.42173 0.42004 0.64941 0.64811
Stock 79: 21.991 2.34347 2.33410 1.53084 1.52778
Stock 80: 6.882 0.14018 0.13962 0.37440 0.37365
Stock 81: 19.186 0.23182 0.23089 0.48148 0.48051
Stock 82: 30.017 1.74789 1.74089 1.32208 1.31943
Stock 83: 19.465 0.98768 0.98373 0.99382 0.99183
Stock 84: 20.271 0.64255 0.63998 0.80159 0.79999
Stock 85: 3.875 0.01762 0.01755 0.13275 0.13248
Stock 86: 27.527 0.89197 0.88840 0.94444 0.94255
Stock 87: 20.075 1.42562 1.41992 1.19399 1.19160
Stock 88: 20.267 0.28325 0.28212 0.53221 0.53115
Stock 89: 29.878 0.94806 0.94426 0.97368 0.97173
Stock 90: 11.499 0.07596 0.07566 0.27561 0.27506
Stock 91: 8.087 0.69455 0.69177 0.83340 0.83173
Stock 92: 19.522 0.52681 0.52470 0.72581 0.72436
Stock 93: 20.282 0.49776 0.49577 0.70552 0.70411
Stock 94: 20.820 1.15594 1.15132 1.07515 1.07300
Stock 95: 27.654 0.82488 0.82158 0.90823 0.90641
Stock 96: 15.910 0.15370 0.15309 0.39205 0.39127
Stock 97: 21.038 0.75935 0.75632 0.87141 0.86966
Stock 98: 3.287 0.01304 0.01298 0.11418 0.11395
Stock 99: 2.596 0.00868 0.00865 0.09317 0.09298
Stock 100: 19.846 0.68539 0.68265 0.82788 0.82622
